97.30189275741577
116.72303366661072
141.62902212142944
116.35723543167114
141.4152386188507
128.43643426895142
120.30640053749084
113.43186807632446
168.66652750968933
143.69187092781067
118.94560861587524
89.94858193397522
140.22017812728882
138.46569180488586
132.4296576976776
173.69103980064392
87.55010962486267
269.02245259284973
165.88144898414612
127.88487839698792
113.87923383712769
125.9741849899292
139.82412314414978
191.75064849853516
190.42654395103455
149.2838671207428
166.76204180717468
201.7373685836792
152.8692922592163
116.20693397521973
110.86189723014832
123.22162699699402
121.04686450958252
157.18567728996277
160.8729543685913
140.1096386909485
115.19916534423828
149.16844987869263
171.15932059288025
140.53385186195374
107.4446051120758
269.1076171398163
138.12674927711487
180.40311813354492
215.0264551639557
141.38994979858398
147.5980486869812
144.35258865356445
300.9109842777252
149.03847122192383
114.55200695991516
179.9875180721283
105.47321557998657
128.66405391693115
131.66930055618286
130.34393787384033
169.4667456150055
143.42095518112183
106.61868381500244
218.31379055976868
231.36861062049866
135.35161995887756
143.03464651107788
259.877614736557
140.41140842437744
151.5889027118683
261.3336079120636
166.76465344429016
117.14281702041626
171.29082083702087
167.11326670646667
180.2752342224121
222.71831607818604
165.35771656036377
201.24019026756287
158.64876580238342
79.72688961029053
125.02071022987366
152.2189745903015
157.67495465278625
161.3475317955017
231.649915933609
123.42748355865479
121.95697546005249
172.7686369419098
140.69200158119202
115.86344075202942
146.7381591796875
249.76286959648132
108.49495148658752
199.43701434135437
201.0202910900116
213.6262698173523
299.53353476524353
209.5176763534546
131.3089599609375
149.74382710456848
161.3490149974823
100.571692943573
107.28319334983826
142.17650818824768
301.38221049308777
173.14002966880798
140.8090624809265
151.4697470664978
178.65548396110535
132.50798630714417
140.45792412757874
172.9896788597107
200.67441034317017
198.86714625358582
127.42797756195068
168.22531485557556
153.15989804267883
