106.62941002845764
90.96409463882446
82.25662422180176
78.43811845779419
87.07310080528259
119.23973321914673
120.98507857322693
95.82722115516663
96.85543704032898
123.32814574241638
93.64980387687683
71.66543126106262
65.70563697814941
76.58888673782349
70.29020237922668
75.16769552230835
109.77999305725098
108.35998845100403
77.40923953056335
102.74585318565369
114.38765788078308
86.6245265007019
75.64932703971863
160.5764799118042
83.4804277420044
90.7076780796051
142.32598900794983
94.129798412323
87.16011905670166
80.4222469329834
153.61970376968384
106.40993165969849
81.11894369125366
144.4378969669342
79.20452761650085
96.29102540016174
119.41708278656006
128.41913414001465
150.51038479804993
102.63680768013
65.66278672218323
118.50079822540283
127.98149585723877
81.15515637397766
81.81508827209473
140.0847339630127
73.08147811889648
65.39131927490234
98.4870057106018
69.09299278259277
49.75746154785156
75.50954985618591
71.94819140434265
81.0590238571167
96.09964919090271
74.77773785591125
90.58798146247864
82.49663710594177
43.03804278373718
65.54030060768127
81.33322787284851
81.13952803611755
119.84596085548401
148.40624332427979
94.95536231994629
94.38841652870178
123.59839224815369
122.12568640708923
101.49827265739441
109.28312158584595
94.28071308135986
165.85870170593262
121.3933002948761
121.97197365760803
184.54772186279297
164.53321433067322
105.45005369186401
123.21390461921692
122.66237545013428
88.3997688293457
93.59021472930908
112.08337998390198
231.8471896648407
149.32663083076477
119.89045286178589
126.91721487045288
107.17383003234863
85.52047038078308
84.90058851242065
74.80462288856506
99.80917072296143
95.77515316009521
66.64574313163757
83.08256459236145
90.7563750743866
