169.901624917984
144.47330904006958
129.16826176643372
123.55850529670715
137.49547958374023
194.1557698249817
198.65628933906555
157.51500701904297
162.16090369224548
210.28780937194824
158.32386326789856
116.20346975326538
111.38848662376404
132.65044569969177
89.93751192092896
114.59567952156067
134.64459323883057
132.97589993476868
98.4249792098999
128.69534707069397
142.21461248397827
106.29985427856445
91.85750460624695
228.02060055732727
138.40647053718567
142.63776779174805
374.6756672859192
159.25235891342163
129.20334911346436
113.63445115089417
267.3634991645813
168.207026720047
135.66424417495728
317.0633885860443
127.30885052680969
155.65429639816284
160.45191144943237
159.3452844619751
207.13816380500793
173.19124388694763
128.0487015247345
261.3984260559082
264.89077711105347
156.8107671737671
163.80505776405334
303.3219299316406
162.8895971775055
137.35944271087646
237.42925596237183
151.70734477043152
107.55881428718567
155.10440635681152
149.03786540031433
166.01047539710999
204.53348207473755
150.44109463691711
182.11655163764954
178.464275598526
80.7685694694519
139.83659720420837
212.67190027236938
197.68604159355164
181.88253164291382
247.3411738872528
137.68187737464905
139.58975791931152
176.06068348884583
162.55824637413025
173.85167527198792
196.5893316268921
95.31853127479553
199.3240532875061
146.53006839752197
170.02403354644775
246.5257167816162
210.49236226081848
127.57550239562988
154.8290023803711
183.16489624977112
100.35375881195068
108.8416063785553
141.55666184425354
303.8512783050537
172.18947672843933
140.26580476760864
155.8233585357666
160.40541458129883
130.37977409362793
144.4377248287201
174.03921389579773
163.6999752521515
166.66892409324646
146.0157973766327
141.7229197025299
149.89701223373413
