76.22841620445251
84.04479146003723
103.33702611923218
79.86910581588745
89.90911626815796
89.80057072639465
83.0276210308075
78.44264841079712
110.23141026496887
91.15958595275879
73.18819904327393
51.73904371261597
75.37056088447571
46.60857892036438
56.017826557159424
85.04196095466614
88.94245147705078
75.87856602668762
77.06405067443848
91.34917330741882
55.09903907775879
120.36176228523254
98.97523212432861
81.74044561386108
76.77143549919128
73.41323924064636
79.63079166412354
108.3476710319519
132.25788044929504
115.82261562347412
116.16179990768433
147.3517472743988
110.60360503196716
90.12129616737366
73.81017589569092
96.07856965065002
91.83818912506104
88.45499444007874
133.03109574317932
126.75819516181946
96.71380949020386
110.42371273040771
104.57180595397949
79.81122279167175
69.232426404953
147.64037132263184
74.0582983493805
84.94261980056763
131.18040919303894
86.64843249320984
80.29204893112183
74.68323087692261
139.65469932556152
96.55641317367554
75.66385746002197
130.49570083618164
82.43706750869751
123.23264908790588
126.5221815109253
131.97218561172485
153.13066959381104
126.98881578445435
98.9162540435791
182.10311722755432
198.62466716766357
123.37847447395325
123.24783825874329
209.7204990386963
109.12302875518799
110.45680117607117
148.43720698356628
106.46707510948181
79.4491491317749
115.70234632492065
110.6960940361023
127.20752286911011
143.0253562927246
112.6872808933258
147.25491905212402
133.1371293067932
67.95815753936768
99.13183522224426
118.3205714225769
116.56425714492798
121.98596525192261
156.1991822719574
91.09600615501404
93.24040198326111
113.37505173683167
117.34831190109253
99.00408101081848
109.23952221870422
174.7883243560791
93.53135466575623
156.33286023139954
114.38034582138062
120.83714604377747
177.48857808113098
165.93126940727234
86.32267737388611
92.51455521583557
90.75530052185059
64.58052372932434
68.92169523239136
89.41744303703308
179.91735410690308
115.55023097991943
124.3142352104187
102.78356599807739
107.9105634689331
91.11876058578491
90.1720118522644
74.74949765205383
106.86231017112732
101.17234873771667
68.70705795288086
87.59527158737183
98.5709764957428
